world: e3cba6ee-a35c-477e-8a91-5413356255f6
world-name: spawn
x: 376.4648503639115
y: 14.0
z: 745.4774495286598
yaw: -179.8931427001953
pitch: -5.759016513824463
name: ffa
lastowner: 3fb8fd47-9050-3bb1-89a5-7edd7d0404a9
