world: e3cba6ee-a35c-477e-8a91-5413356255f6
world-name: spawn
x: 451.4906682364492
y: 86.0
z: 1912.5287757204076
yaw: 179.25552368164062
pitch: -3.572209119796753
name: flat
lastowner: 3fb8fd47-9050-3bb1-89a5-7edd7d0404a9
